resources/Clumpy_precomp/extra_galactic_flux/output_decay/cosmo.bb_dPhidOmegadE_CIRELLI11_EW_NEUTRINO_m1000.ecsv
# %ECSV 1.0
# ---
# datatype:
# - {name: E, unit: GeV, datatype: float64}
# - {name: E^2dPhi/dOmega/dE, unit: cm^-2 s^-1 sr^-1 GeV, datatype: float64}
# - {name: spectrum_at_source, unit:, datatype: float64}
E E^2dPhi/dOmega/dE spectrum_at_source
1.0000e+00 5.65e-05 3.63e-05
1.0667e+00 5.92e-05 3.83e-05
1.1380e+00 6.19e-05 4.04e-05
1.2139e+00 6.47e-05 4.26e-05
1.2949e+00 6.75e-05 4.49e-05
1.3814e+00 7.04e-05 4.73e-05
1.4736e+00 7.34e-05 4.97e-05
1.5719e+00 7.64e-05 5.23e-05
1.6769e+00 7.95e-05 5.49e-05
1.7888e+00 8.26e-05 5.76e-05
1.9082e+00 8.57e-05 6.04e-05
2.0356e+00 8.89e-05 6.33e-05
2.1714e+00 9.20e-05 6.62e-05
2.3164e+00 9.51e-05 6.93e-05
2.4710e+00 9.83e-05 7.24e-05
2.6359e+00 1.01e-04 7.55e-05
2.8119e+00 1.04e-04 7.88e-05
2.9996e+00 1.07e-04 8.20e-05
3.1998e+00 1.10e-04 8.52e-05
3.4133e+00 1.13e-04 8.85e-05
3.6412e+00 1.16e-04 9.18e-05
3.8842e+00 1.19e-04 9.51e-05
4.1435e+00 1.21e-04 9.84e-05
4.4201e+00 1.23e-04 1.02e-04
4.7151e+00 1.26e-04 1.05e-04
5.0298e+00 1.28e-04 1.08e-04
5.3656e+00 1.30e-04 1.11e-04
5.7237e+00 1.31e-04 1.14e-04
6.1058e+00 1.33e-04 1.17e-04
6.5133e+00 1.34e-04 1.20e-04
6.9481e+00 1.35e-04 1.22e-04
7.4118e+00 1.36e-04 1.25e-04
7.9066e+00 1.36e-04 1.27e-04
8.4343e+00 1.36e-04 1.29e-04
8.9973e+00 1.36e-04 1.31e-04
9.5979e+00 1.36e-04 1.32e-04
1.0239e+01 1.35e-04 1.34e-04
1.0922e+01 1.34e-04 1.35e-04
1.1651e+01 1.33e-04 1.36e-04
1.2429e+01 1.32e-04 1.36e-04
1.3258e+01 1.30e-04 1.36e-04
1.4143e+01 1.28e-04 1.36e-04
1.5087e+01 1.26e-04 1.36e-04
1.6094e+01 1.23e-04 1.35e-04
1.7169e+01 1.21e-04 1.34e-04
1.8315e+01 1.18e-04 1.32e-04
1.9537e+01 1.15e-04 1.31e-04
2.0841e+01 1.12e-04 1.29e-04
2.2232e+01 1.08e-04 1.26e-04
2.3716e+01 1.05e-04 1.24e-04
2.5299e+01 1.02e-04 1.21e-04
2.6988e+01 9.83e-05 1.18e-04
2.8789e+01 9.48e-05 1.15e-04
3.0711e+01 9.13e-05 1.12e-04
3.2761e+01 8.78e-05 1.08e-04
3.4948e+01 8.43e-05 1.04e-04
3.7280e+01 8.09e-05 1.01e-04
3.9769e+01 7.75e-05 9.71e-05
4.2423e+01 7.43e-05 9.38e-05
4.5255e+01 7.10e-05 9.01e-05
4.8276e+01 6.79e-05 8.67e-05
5.1498e+01 6.47e-05 8.31e-05
5.4935e+01 6.17e-05 7.97e-05
5.8602e+01 5.88e-05 7.66e-05
6.2514e+01 5.58e-05 7.32e-05
6.6687e+01 5.30e-05 7.03e-05
7.1138e+01 5.02e-05 6.71e-05
7.5886e+01 4.75e-05 6.45e-05
8.0952e+01 4.47e-05 6.16e-05
8.6355e+01 4.20e-05 5.89e-05
9.2119e+01 3.93e-05 5.62e-05
9.8268e+01 3.65e-05 5.35e-05
1.0483e+02 3.39e-05 5.10e-05
1.1182e+02 3.12e-05 4.82e-05
1.1929e+02 2.86e-05 4.58e-05
1.2725e+02 2.59e-05 4.30e-05
1.3574e+02 2.33e-05 4.04e-05
1.4481e+02 2.08e-05 3.76e-05
1.5447e+02 1.83e-05 3.48e-05
1.6478e+02 1.59e-05 3.20e-05
1.7578e+02 1.36e-05 2.90e-05
1.8751e+02 1.14e-05 2.60e-05
2.0003e+02 9.38e-06 2.27e-05
2.1338e+02 7.65e-06 1.97e-05
2.2762e+02 6.00e-06 1.65e-05
2.4282e+02 4.66e-06 1.36e-05
2.5903e+02 3.53e-06 1.09e-05
2.7632e+02 2.61e-06 8.51e-06
2.9476e+02 1.88e-06 6.58e-06
3.1443e+02 1.32e-06 4.70e-06
3.3542e+02 9.06e-07 3.61e-06
3.5781e+02 5.93e-07 2.52e-06
3.8169e+02 3.65e-07 1.86e-06
4.0717e+02 1.95e-07 1.21e-06
4.3435e+02 8.84e-08 6.63e-07
4.6334e+02 3.68e-08 3.46e-07
4.9427e+02 4.14e-09 1.98e-07
5.2726e+02 1.00e-40 8.69e-19
5.6246e+02 1.00e-40 8.69e-19
6.0000e+02 1.00e-40 8.69e-19
