resources/Clumpy_precomp/extra_galactic_flux/output_decay/cosmo.bb_dPhidOmegadE_CIRELLI11_EW_NEUTRINO_m500.ecsv
# %ECSV 1.0
# ---
# datatype:
# - {name: E, unit: GeV, datatype: float64}
# - {name: E^2dPhi/dOmega/dE, unit: cm^-2 s^-1 sr^-1 GeV, datatype: float64}
# - {name: spectrum_at_source, unit:, datatype: float64}
E E^2dPhi/dOmega/dE spectrum_at_source
1.0000e+00 8.54e-05 5.87e-05
1.0593e+00 8.84e-05 6.14e-05
1.1221e+00 9.14e-05 6.41e-05
1.1887e+00 9.43e-05 6.70e-05
1.2592e+00 9.73e-05 6.99e-05
1.3339e+00 1.00e-04 7.28e-05
1.4130e+00 1.03e-04 7.59e-05
1.4968e+00 1.06e-04 7.89e-05
1.5855e+00 1.09e-04 8.19e-05
1.6795e+00 1.12e-04 8.50e-05
1.7792e+00 1.15e-04 8.82e-05
1.8847e+00 1.17e-04 9.13e-05
1.9964e+00 1.20e-04 9.45e-05
2.1148e+00 1.22e-04 9.76e-05
2.2403e+00 1.25e-04 1.01e-04
2.3731e+00 1.27e-04 1.04e-04
2.5139e+00 1.29e-04 1.07e-04
2.6630e+00 1.31e-04 1.10e-04
2.8209e+00 1.33e-04 1.13e-04
2.9882e+00 1.34e-04 1.16e-04
3.1654e+00 1.36e-04 1.18e-04
3.3531e+00 1.37e-04 1.21e-04
3.5520e+00 1.38e-04 1.24e-04
3.7626e+00 1.39e-04 1.26e-04
3.9858e+00 1.40e-04 1.28e-04
4.2222e+00 1.40e-04 1.30e-04
4.4726e+00 1.40e-04 1.32e-04
4.7378e+00 1.40e-04 1.34e-04
5.0188e+00 1.40e-04 1.36e-04
5.3164e+00 1.39e-04 1.37e-04
5.6317e+00 1.39e-04 1.38e-04
5.9657e+00 1.38e-04 1.39e-04
6.3195e+00 1.36e-04 1.40e-04
6.6943e+00 1.35e-04 1.40e-04
7.0913e+00 1.33e-04 1.40e-04
7.5119e+00 1.32e-04 1.40e-04
7.9574e+00 1.29e-04 1.40e-04
8.4293e+00 1.27e-04 1.39e-04
8.9292e+00 1.25e-04 1.38e-04
9.4588e+00 1.22e-04 1.37e-04
1.0020e+01 1.19e-04 1.35e-04
1.0614e+01 1.16e-04 1.34e-04
1.1243e+01 1.13e-04 1.32e-04
1.1910e+01 1.10e-04 1.29e-04
1.2617e+01 1.07e-04 1.27e-04
1.3365e+01 1.04e-04 1.24e-04
1.4157e+01 1.01e-04 1.21e-04
1.4997e+01 9.77e-05 1.18e-04
1.5887e+01 9.44e-05 1.15e-04
1.6829e+01 9.12e-05 1.12e-04
1.7827e+01 8.79e-05 1.09e-04
1.8884e+01 8.49e-05 1.06e-04
2.0004e+01 8.16e-05 1.02e-04
2.1190e+01 7.86e-05 9.90e-05
2.2447e+01 7.55e-05 9.54e-05
2.3778e+01 7.27e-05 9.23e-05
2.5188e+01 6.97e-05 8.88e-05
2.6682e+01 6.69e-05 8.59e-05
2.8265e+01 6.40e-05 8.26e-05
2.9941e+01 6.13e-05 7.99e-05
3.1717e+01 5.85e-05 7.67e-05
3.3598e+01 5.59e-05 7.41e-05
3.5590e+01 5.32e-05 7.11e-05
3.7701e+01 5.07e-05 6.86e-05
3.9937e+01 4.80e-05 6.58e-05
4.2305e+01 4.55e-05 6.35e-05
4.4814e+01 4.28e-05 6.07e-05
4.7472e+01 4.03e-05 5.84e-05
5.0287e+01 3.77e-05 5.58e-05
5.3269e+01 3.52e-05 5.35e-05
5.6429e+01 3.26e-05 5.08e-05
5.9775e+01 3.02e-05 4.85e-05
6.3320e+01 2.76e-05 4.59e-05
6.7076e+01 2.52e-05 4.35e-05
7.1054e+01 2.27e-05 4.08e-05
7.5267e+01 2.03e-05 3.83e-05
7.9731e+01 1.79e-05 3.55e-05
8.4460e+01 1.57e-05 3.29e-05
8.9469e+01 1.35e-05 3.00e-05
9.4775e+01 1.15e-05 2.71e-05
1.0040e+02 9.48e-06 2.39e-05
1.0635e+02 7.82e-06 2.10e-05
1.1266e+02 6.18e-06 1.78e-05
1.1934e+02 4.87e-06 1.50e-05
1.2642e+02 3.68e-06 1.21e-05
1.3391e+02 2.77e-06 9.85e-06
1.4185e+02 2.00e-06 7.46e-06
1.5027e+02 1.40e-06 5.75e-06
1.5918e+02 9.60e-07 3.98e-06
1.6862e+02 6.36e-07 2.95e-06
1.7862e+02 4.14e-07 1.90e-06
1.8921e+02 2.55e-07 1.34e-06
2.0043e+02 1.55e-07 7.77e-07
2.1232e+02 9.05e-08 5.39e-07
2.2491e+02 4.94e-08 3.08e-07
2.3825e+02 2.07e-08 2.51e-07
2.5238e+02 1.00e-40 8.68e-19
2.6735e+02 1.00e-40 8.68e-19
2.8320e+02 1.00e-40 8.68e-19
3.0000e+02 1.00e-40 8.68e-19
